{
  "loadcollection1": {
    "process_id": "load_collection",
    "arguments": {
      "bands": [
        "TOC-B04_10M",
        "TOC-B08_10M"
      ],
      "id": "TERRASCOPE_S2_TOC_V2",
      "spatial_extent": {
        "west": 5.047760653506095,
        "south": 51.213840995229475,
        "east": 5.06244073203276,
        "north": 51.22255852538937
      },
      "temporal_extent": [
        "2019-01-01",
        "2019-09-30"
      ]
    }
  },
  "filterbbox1": {
    "process_id": "filter_bbox",
    "arguments": {
      "data": {
        "from_node": "loadcollection1"
      },
      "extent": {
        "west": 5.047760653506095,
        "east": 5.06244073203276,
        "north": 51.22255852538937,
        "south": 51.213840995229475,
        "crs": "EPSG:4326"
      }
    }
  },
  "ndvi1": {
    "process_id": "ndvi",
    "arguments": {
      "data": {
        "from_node": "filterbbox1"
      },
      "nir": "TOC-B08_10M",
      "red": "TOC-B04_10M"
    }
  },
  "loadcollection2": {
    "process_id": "load_collection",
    "arguments": {
      "bands": [
        "SCENECLASSIFICATION_20M"
      ],
      "id": "TERRASCOPE_S2_TOC_V2",
      "spatial_extent": {
        "west": 5.047760653506095,
        "south": 51.213840995229475,
        "east": 5.06244073203276,
        "north": 51.22255852538937
      },
      "temporal_extent": [
        "2019-01-01",
        "2019-09-30"
      ]
    }
  },
  "filterbbox2": {
    "process_id": "filter_bbox",
    "arguments": {
      "data": {
        "from_node": "loadcollection2"
      },
      "extent": {
        "west": 5.047760653506095,
        "east": 5.06244073203276,
        "north": 51.22255852538937,
        "south": 51.213840995229475,
        "crs": "EPSG:4326"
      }
    }
  },
  "reducedimension1": {
    "process_id": "reduce_dimension",
    "arguments": {
      "data": {
        "from_node": "filterbbox2"
      },
      "dimension": "bands",
      "reducer": {
        "process_graph": {
          "arrayelement1": {
            "process_id": "array_element",
            "arguments": {
              "data": {
                "from_parameter": "data"
              },
              "index": 0
            }
          },
          "eq1": {
            "process_id": "eq",
            "arguments": {
              "x": {
                "from_node": "arrayelement1"
              },
              "y": 4
            }
          },
          "eq2": {
            "process_id": "eq",
            "arguments": {
              "x": {
                "from_node": "arrayelement1"
              },
              "y": 5
            }
          },
          "or1": {
            "process_id": "or",
            "arguments": {
              "x": {
                "from_node": "eq1"
              },
              "y": {
                "from_node": "eq2"
              }
            }
          },
          "eq3": {
            "process_id": "eq",
            "arguments": {
              "x": {
                "from_node": "arrayelement1"
              },
              "y": 6
            }
          },
          "or2": {
            "process_id": "or",
            "arguments": {
              "x": {
                "from_node": "or1"
              },
              "y": {
                "from_node": "eq3"
              }
            }
          },
          "eq4": {
            "process_id": "eq",
            "arguments": {
              "x": {
                "from_node": "arrayelement1"
              },
              "y": 7
            }
          },
          "or3": {
            "process_id": "or",
            "arguments": {
              "x": {
                "from_node": "or2"
              },
              "y": {
                "from_node": "eq4"
              }
            }
          },
          "not1": {
            "process_id": "not",
            "arguments": {
              "x": {
                "from_node": "or3"
              }
            },
            "result": true
          }
        }
      }
    }
  },
  "applykernel1": {
    "process_id": "apply_kernel",
    "arguments": {
      "border": 0,
      "data": {
        "from_node": "reducedimension1"
      },
      "factor": 1.0,
      "kernel": [
        [
          0.0008987796457350659,
          0.0011352428909424297,
          0.001389951388456372,
          0.0016496267513405884,
          0.0018977850809994473,
          0.0021163311484124585,
          0.002287681067877676,
          0.0023970803432906106,
          0.0024346972287201713,
          0.0023970803432906106,
          0.002287681067877676,
          0.0021163311484124585,
          0.0018977850809994473,
          0.0016496267513405884,
          0.001389951388456372,
          0.0011352428909424297,
          0.0008987796457350659
        ],
        [
          0.0011352428909424297,
          0.0014339181217007876,
          0.0017556388153518382,
          0.0020836331252653707,
          0.0023970803432906106,
          0.002673124499999495,
          0.002889555500478322,
          0.003027737033934405,
          0.0030752506842111416,
          0.003027737033934405,
          0.002889555500478322,
          0.002673124499999495,
          0.0023970803432906106,
          0.0020836331252653707,
          0.0017556388153518382,
          0.0014339181217007876,
          0.0011352428909424297
        ],
        [
          0.001389951388456372,
          0.0017556388153518382,
          0.0021495422948655464,
          0.0025511269690418714,
          0.002934900696565758,
          0.0032728794339390976,
          0.0035378699236578324,
          0.003707054523551578,
          0.003765228562516892,
          0.003707054523551578,
          0.0035378699236578324,
          0.0032728794339390976,
          0.002934900696565758,
          0.0025511269690418714,
          0.0021495422948655464,
          0.0017556388153518382,
          0.001389951388456372
        ],
        [
          0.0016496267513405884,
          0.0020836331252653707,
          0.0025511269690418714,
          0.003027737033934405,
          0.0034832086516059955,
          0.0038843297060441357,
          0.0041988266045121705,
          0.004399618836684783,
          0.004468661143996902,
          0.004399618836684783,
          0.0041988266045121705,
          0.0038843297060441357,
          0.0034832086516059955,
          0.003027737033934405,
          0.0025511269690418714,
          0.0020836331252653707,
          0.0016496267513405884
        ],
        [
          0.0018977850809994473,
          0.0023970803432906106,
          0.002934900696565758,
          0.0034832086516059955,
          0.0040071982390283475,
          0.004468661143996903,
          0.00483046875983982,
          0.00506146677335293,
          0.005140895323276867,
          0.00506146677335293,
          0.00483046875983982,
          0.004468661143996903,
          0.0040071982390283475,
          0.0034832086516059955,
          0.002934900696565758,
          0.0023970803432906106,
          0.0018977850809994473
        ],
        [
          0.0021163311484124585,
          0.002673124499999495,
          0.0032728794339390976,
          0.0038843297060441357,
          0.004468661143996903,
          0.004983265421056311,
          0.005386738256208943,
          0.005644337652533494,
          0.005732913074461006,
          0.005644337652533494,
          0.005386738256208943,
          0.004983265421056311,
          0.004468661143996903,
          0.0038843297060441357,
          0.0032728794339390976,
          0.002673124499999495,
          0.0021163311484124585
        ],
        [
          0.002287681067877676,
          0.002889555500478322,
          0.0035378699236578324,
          0.0041988266045121705,
          0.00483046875983982,
          0.005386738256208943,
          0.005822878492142247,
          0.006101334565763076,
          0.006197081545613014,
          0.006101334565763076,
          0.005822878492142247,
          0.005386738256208943,
          0.00483046875983982,
          0.0041988266045121705,
          0.0035378699236578324,
          0.002889555500478322,
          0.002287681067877676
        ],
        [
          0.0023970803432906106,
          0.003027737033934405,
          0.003707054523551578,
          0.004399618836684783,
          0.00506146677335293,
          0.005644337652533494,
          0.006101334565763076,
          0.006393106696904419,
          0.006493432396386931,
          0.006393106696904419,
          0.006101334565763076,
          0.005644337652533494,
          0.00506146677335293,
          0.004399618836684783,
          0.003707054523551578,
          0.003027737033934405,
          0.0023970803432906106
        ],
        [
          0.0024346972287201713,
          0.0030752506842111416,
          0.003765228562516892,
          0.004468661143996902,
          0.005140895323276867,
          0.005732913074461006,
          0.006197081545613014,
          0.006493432396386931,
          0.006595332486295545,
          0.006493432396386931,
          0.006197081545613014,
          0.005732913074461006,
          0.005140895323276867,
          0.004468661143996902,
          0.003765228562516892,
          0.0030752506842111416,
          0.0024346972287201713
        ],
        [
          0.0023970803432906106,
          0.003027737033934405,
          0.003707054523551578,
          0.004399618836684783,
          0.00506146677335293,
          0.005644337652533494,
          0.006101334565763076,
          0.006393106696904419,
          0.006493432396386931,
          0.006393106696904419,
          0.006101334565763076,
          0.005644337652533494,
          0.00506146677335293,
          0.004399618836684783,
          0.003707054523551578,
          0.003027737033934405,
          0.0023970803432906106
        ],
        [
          0.002287681067877676,
          0.002889555500478322,
          0.0035378699236578324,
          0.0041988266045121705,
          0.00483046875983982,
          0.005386738256208943,
          0.005822878492142247,
          0.006101334565763076,
          0.006197081545613014,
          0.006101334565763076,
          0.005822878492142247,
          0.005386738256208943,
          0.00483046875983982,
          0.0041988266045121705,
          0.0035378699236578324,
          0.002889555500478322,
          0.002287681067877676
        ],
        [
          0.0021163311484124585,
          0.002673124499999495,
          0.0032728794339390976,
          0.0038843297060441357,
          0.004468661143996903,
          0.004983265421056311,
          0.005386738256208943,
          0.005644337652533494,
          0.005732913074461006,
          0.005644337652533494,
          0.005386738256208943,
          0.004983265421056311,
          0.004468661143996903,
          0.0038843297060441357,
          0.0032728794339390976,
          0.002673124499999495,
          0.0021163311484124585
        ],
        [
          0.0018977850809994473,
          0.0023970803432906106,
          0.002934900696565758,
          0.0034832086516059955,
          0.0040071982390283475,
          0.004468661143996903,
          0.00483046875983982,
          0.00506146677335293,
          0.005140895323276867,
          0.00506146677335293,
          0.00483046875983982,
          0.004468661143996903,
          0.0040071982390283475,
          0.0034832086516059955,
          0.002934900696565758,
          0.0023970803432906106,
          0.0018977850809994473
        ],
        [
          0.0016496267513405884,
          0.0020836331252653707,
          0.0025511269690418714,
          0.003027737033934405,
          0.0034832086516059955,
          0.0038843297060441357,
          0.0041988266045121705,
          0.004399618836684783,
          0.004468661143996902,
          0.004399618836684783,
          0.0041988266045121705,
          0.0038843297060441357,
          0.0034832086516059955,
          0.003027737033934405,
          0.0025511269690418714,
          0.0020836331252653707,
          0.0016496267513405884
        ],
        [
          0.001389951388456372,
          0.0017556388153518382,
          0.0021495422948655464,
          0.0025511269690418714,
          0.002934900696565758,
          0.0032728794339390976,
          0.0035378699236578324,
          0.003707054523551578,
          0.003765228562516892,
          0.003707054523551578,
          0.0035378699236578324,
          0.0032728794339390976,
          0.002934900696565758,
          0.0025511269690418714,
          0.0021495422948655464,
          0.0017556388153518382,
          0.001389951388456372
        ],
        [
          0.0011352428909424297,
          0.0014339181217007876,
          0.0017556388153518382,
          0.0020836331252653707,
          0.0023970803432906106,
          0.002673124499999495,
          0.002889555500478322,
          0.003027737033934405,
          0.0030752506842111416,
          0.003027737033934405,
          0.002889555500478322,
          0.002673124499999495,
          0.0023970803432906106,
          0.0020836331252653707,
          0.0017556388153518382,
          0.0014339181217007876,
          0.0011352428909424297
        ],
        [
          0.0008987796457350659,
          0.0011352428909424297,
          0.001389951388456372,
          0.0016496267513405884,
          0.0018977850809994473,
          0.0021163311484124585,
          0.002287681067877676,
          0.0023970803432906106,
          0.0024346972287201713,
          0.0023970803432906106,
          0.002287681067877676,
          0.0021163311484124585,
          0.0018977850809994473,
          0.0016496267513405884,
          0.001389951388456372,
          0.0011352428909424297,
          0.0008987796457350659
        ]
      ],
      "replace_invalid": 0
    }
  },
  "adddimension1": {
    "process_id": "add_dimension",
    "arguments": {
      "data": {
        "from_node": "applykernel1"
      },
      "label": "mask",
      "name": "bands",
      "type": "bands"
    }
  },
  "reducedimension2": {
    "process_id": "reduce_dimension",
    "arguments": {
      "data": {
        "from_node": "adddimension1"
      },
      "dimension": "bands",
      "reducer": {
        "process_graph": {
          "arrayelement2": {
            "process_id": "array_element",
            "arguments": {
              "data": {
                "from_parameter": "data"
              },
              "index": 0
            }
          },
          "gt1": {
            "process_id": "gt",
            "arguments": {
              "x": {
                "from_node": "arrayelement2"
              },
              "y": 0.057
            },
            "result": true
          }
        }
      }
    }
  },
  "filtertemporal1": {
    "process_id": "filter_temporal",
    "arguments": {
      "data": {
        "from_node": "reducedimension2"
      },
      "extent": [
        "2019-01-01",
        "2019-09-30"
      ]
    }
  },
  "reducedimension3": {
    "process_id": "reduce_dimension",
    "arguments": {
      "data": {
        "from_node": "filterbbox2"
      },
      "dimension": "bands",
      "reducer": {
        "process_graph": {
          "arrayelement3": {
            "process_id": "array_element",
            "arguments": {
              "data": {
                "from_parameter": "data"
              },
              "index": 0
            }
          },
          "eq5": {
            "process_id": "eq",
            "arguments": {
              "x": {
                "from_node": "arrayelement3"
              },
              "y": 3
            }
          },
          "eq6": {
            "process_id": "eq",
            "arguments": {
              "x": {
                "from_node": "arrayelement3"
              },
              "y": 8
            }
          },
          "or4": {
            "process_id": "or",
            "arguments": {
              "x": {
                "from_node": "eq5"
              },
              "y": {
                "from_node": "eq6"
              }
            }
          },
          "eq7": {
            "process_id": "eq",
            "arguments": {
              "x": {
                "from_node": "arrayelement3"
              },
              "y": 9
            }
          },
          "or5": {
            "process_id": "or",
            "arguments": {
              "x": {
                "from_node": "or4"
              },
              "y": {
                "from_node": "eq7"
              }
            }
          },
          "eq8": {
            "process_id": "eq",
            "arguments": {
              "x": {
                "from_node": "arrayelement3"
              },
              "y": 10
            }
          },
          "or6": {
            "process_id": "or",
            "arguments": {
              "x": {
                "from_node": "or5"
              },
              "y": {
                "from_node": "eq8"
              }
            },
            "result": true
          }
        }
      }
    }
  },
  "applykernel2": {
    "process_id": "apply_kernel",
    "arguments": {
      "border": 0,
      "data": {
        "from_node": "reducedimension3"
      },
      "factor": 1.0,
      "kernel": [
        [
          7.978498889780789e-06,
          8.201797900939005e-06,
          8.42841958504528e-06,
          8.658296233457827e-06,
          8.89135484285236e-06,
          9.127517073571e-06,
          9.36669921622889e-06,
          9.608812166871142e-06,
          9.853761410959648e-06,
          1.0101447016454846e-05,
          1.0351763636242124e-05,
          1.0604600520135855e-05,
          1.0859841536676524e-05,
          1.1117365204917574e-05,
          1.1377044736378957e-05,
          1.1638748087323605e-05,
          1.1902338021491454e-05,
          1.2167672183403037e-05,
          1.2434603182321397e-05,
          1.2702978686936771e-05,
          1.297264153081374e-05,
          1.3243429828614846e-05,
          1.3515177103088671e-05,
          1.3787712422783548e-05,
          1.4060860550420968e-05,
          1.4334442101835316e-05,
          1.460827371535856e-05,
          1.4882168231500615e-05,
          1.515593488274786e-05,
          1.5429379493274042e-05,
          1.5702304688329593e-05,
          1.5974510113047346e-05,
          1.6245792660374757e-05,
          1.6515946707815166e-05,
          1.6784764362633552e-05,
          1.7052035715155512e-05,
          1.7317549099762177e-05,
          1.7581091363158395e-05,
          1.784244813946686e-05,
          1.8101404131677106e-05,
          1.835774339895558e-05,
          1.8611249649301084e-05,
          1.886170653700931e-05,
          1.9108897964390773e-05,
          1.9352608387168152e-05,
          1.9592623122962315e-05,
          1.982872866226095e-05,
          2.006071298124966e-05,
          2.0288365855873177e-05,
          2.0511479176483578e-05,
          2.072984726242325e-05,
          2.094326717588307e-05,
          2.1151539034370668e-05,
          2.135446632111977e-05,
          2.155185619276971e-05,
          2.1743519783644062e-05,
          2.192927250595909e-05,
          2.210893434529629e-05,
          2.2282330150678956e-05,
          2.2449289918599945e-05,
          2.2609649070357242e-05,
          2.2763248722065044e-05,
          2.290993594672107e-05,
          2.3049564027725704e-05,
          2.318199270326512e-05,
          2.3307088400989056e-05,
          2.342472446243378e-05,
          2.353478135666279e-05,
          2.363714688262081e-05,
          2.3731716359721813e-05,
          2.3818392806217903e-05,
          2.3897087104923665e-05,
          2.396771815589961e-05,
          2.403021301572854e-05,
          2.4084507023050093e-05,
          2.41305439100509e-05,
          2.416827589964145e-05,
          2.41976637880846e-05,
          2.4218677012875727e-05,
          2.423129370571004e-05,
          2.4235500730408445e-05,
          2.423129370571004e-05,
          2.4218677012875727e-05,
          2.41976637880846e-05,
          2.416827589964145e-05,
          2.41305439100509e-05,
          2.4084507023050093e-05,
          2.403021301572854e-05,
          2.396771815589961e-05,
          2.3897087104923665e-05,
          2.3818392806217903e-05,
          2.3731716359721813e-05,
          2.363714688262081e-05,
          2.353478135666279e-05,
          2.342472446243378e-05,
          2.3307088400989056e-05,
          2.318199270326512e-05,
          2.3049564027725704e-05,
          2.290993594672107e-05,
          2.2763248722065044e-05,
          2.2609649070357242e-05,
          2.2449289918599945e-05,
          2.2282330150678956e-05,
          2.210893434529629e-05,
          2.192927250595909e-05,
          2.1743519783644062e-05,
          2.155185619276971e-05,
          2.135446632111977e-05,
          2.1151539034370668e-05,
          2.094326717588307e-05,
          2.072984726242325e-05,
          2.0511479176483578e-05,
          2.0288365855873177e-05,
          2.006071298124966e-05,
          1.982872866226095e-05,
          1.9592623122962315e-05,
          1.9352608387168152e-05,
          1.9108897964390773e-05,
          1.886170653700931e-05,
          1.8611249649301084e-05,
          1.835774339895558e-05,
          1.8101404131677106e-05,
          1.784244813946686e-05,
          1.7581091363158395e-05,
          1.7317549099762177e-05,
          1.7052035715155512e-05,
          1.6784764362633552e-05,
          1.6515946707815166e-05,
          1.6245792660374757e-05,
          1.5974510113047346e-05,
          1.5702304688329593e-05,
          1.5429379493274042e-05,
          1.515593488274786e-05,
          1.4882168231500615e-05,
          1.460827371535856e-05,
          1.4334442101835316e-05,
          1.4060860550420968e-05,
          1.3787712422783548e-05,
          1.3515177103088671e-05,
          1.3243429828614846e-05,
          1.297264153081374e-05,
          1.2702978686936771e-05,
          1.2434603182321397e-05,
          1.2167672183403037e-05,
          1.1902338021491454e-05,
          1.1638748087323605e-05,
          1.1377044736378957e-05,
          1.1117365204917574e-05,
          1.0859841536676524e-05,
          1.0604600520135855e-05,
          1.0351763636242124e-05,
          1.0101447016454846e-05,
          9.853761410959648e-06,
          9.608812166871142e-06,
          9.36669921622889e-06,
          9.127517073571e-06,
          8.89135484285236e-06,
          8.658296233457827e-06,
          8.42841958504528e-06,
          8.201797900939005e-06,
          7.978498889780789e-06
        ],
        [
          8.201797900939005e-06,
          8.43134651481987e-06,
          8.664310795280047e-06,
          8.900621138675577e-06,
          9.14020249849455e-06,
          9.382974342540319e-06,
          9.628850618603505e-06,
          9.877739728923648e-06,
          1.0129544513727833e-05,
          1.0384162244118864e-05,
          1.0641484624569535e-05,
          1.0901397805262668e-05,
          1.1163782404498265e-05,
          1.1428513541370002e-05,
          1.1695460878892954e-05,
          1.196448867774316e-05,
          1.2235455860747417e-05,
          1.2508216088238482e-05,
          1.2782617844366862e-05,
          1.3058504534435489e-05,
          1.3335714593298092e-05,
          1.3614081604835643e-05,
          1.3893434432498514e-05,
          1.4173597360874455e-05,
          1.4454390248214638e-05,
          1.4735628689821728e-05,
          1.5017124192175228e-05,
          1.529868435764068e-05,
          1.5580113079580184e-05,
          1.5861210747652724e-05,
          1.6141774463063792e-05,
          1.642159826349496e-05,
          1.6700473357415347e-05,
          1.6978188367448744e-05,
          1.725452958244205e-05,
          1.7529281217853503e-05,
          1.7802225684052206e-05,
          1.8073143862094493e-05,
          1.834181538651728e-05,
          1.8608018934664162e-05,
          1.887153252203656e-05,
          1.9132133803139927e-05,
          1.9389600377273582e-05,
          1.9643710098693017e-05,
          1.9894241390554528e-05,
          2.0140973562035104e-05,
          2.0383687128004256e-05,
          2.0622164130610528e-05,
          2.085618846213252e-05,
          2.1085546188433364e-05,
          2.1310025872348095e-05,
          2.1529418896326e-05,
          2.1743519783644062e-05,
          2.1952126517503965e-05,
          2.2155040857322788e-05,
          2.235206865152768e-05,
          2.254302014616641e-05,
          2.2727710288649492e-05,
          2.2905959025945268e-05,
          2.307759159655696e-05,
          2.324243881562018e-05,
          2.340033735247097e-05,
          2.355113000004774e-05,
          2.369466593550582e-05,
          2.3830800971440277e-05,
          2.3959397797131737e-05,
          2.408032620925045e-05,
          2.4193463331476227e-05,
          2.4298693822515886e-05,
          2.439591007202535e-05,
          2.4485012383970653e-05,
          2.456590914699051e-05,
          2.4638516991353004e-05,
          2.4702760932130005e-05,
          2.4758574498245033e-05,
          2.480589984708385e-05,
          2.484468786439102e-05,
          2.4874898249210997e-05,
          2.489649958366811e-05,
          2.4909469387416252e-05,
          2.4913794156626257e-05,
          2.4909469387416252e-05,
          2.489649958366811e-05,
          2.4874898249210997e-05,
          2.484468786439102e-05,
          2.480589984708385e-05,
          2.4758574498245033e-05,
          2.4702760932130005e-05,
          2.4638516991353004e-05,
          2.456590914699051e-05,
          2.4485012383970653e-05,
          2.439591007202535e-05,
          2.4298693822515886e-05,
          2.4193463331476227e-05,
          2.408032620925045e-05,
          2.3959397797131737e-05,
          2.3830800971440277e-05,
          2.369466593550582e-05,
          2.355113000004774e-05,
          2.340033735247097e-05,
          2.324243881562018e-05,
          2.307759159655696e-05,
          2.2905959025945268e-05,
          2.2727710288649492e-05,
          2.254302014616641e-05,
          2.235206865152768e-05,
          2.2155040857322788e-05,
          2.1952126517503965e-05,
          2.1743519783644062e-05,
          2.1529418896326e-05,
          2.1310025872348095e-05,
          2.1085546188433364e-05,
          2.085618846213252e-05,
          2.0622164130610528e-05,
          2.0383687128004256e-05,
          2.0140973562035104e-05,
          1.9894241390554528e-05,
          1.9643710098693017e-05,
          1.9389600377273582e-05,
          1.9132133803139927e-05,
          1.887153252203656e-05,
          1.8608018934664162e-05,
          1.834181538651728e-05,
          1.8073143862094493e-05,
          1.7802225684052206e-05,
          1.7529281217853503e-05,
          1.725452958244205e-05,
          1.6978188367448744e-05,
          1.6700473357415347e-05,
          1.642159826349496e-05,
          1.6141774463063792e-05,
          1.5861210747652724e-05,
          1.5580113079580184e-05,
          1.529868435764068e-05,
          1.5017124192175228e-05,
          1.4735628689821728e-05,
          1.4454390248214638e-05,
          1.4173597360874455e-05,
          1.3893434432498514e-05,
          1.3614081604835643e-05,
          1.3335714593298092e-05,
          1.3058504534435489e-05,
          1.2782617844366862e-05,
          1.2508216088238482e-05,
          1.2235455860747417e-05,
          1.196448867774316e-05,
          1.1695460878892954e-05,
          1.1428513541370002e-05,
          1.1163782404498265e-05,
          1.0901397805262668e-05,
          1.0641484624569535e-05,
          1.0384162244118864e-05,
          1.0129544513727833e-05,
          9.877739728923648e-06,
          9.628850618603505e-06,
          9.382974342540319e-06,
          9.14020249849455e-06,
          8.900621138675577e-06,
          8.664310795280047e-06,
          8.43134651481987e-06,
          8.201797900939005e-06
        ],
        [
          8.42841958504528e-06,
          8.664310795280047e-06,
          8.90371204946381e-06,
          9.146551820752934e-06,
          9.392752989045415e-06,
          9.642232796981023e-06,
          9.894902814664792e-06,
          1.0150668913423042e-05,
          1.0409431248887166e-05,
          1.0671084253685278e-05,
          1.0935516640005428e-05,
          1.1202611412276594e-05,
          1.147224589019495e-05,
          1.1744291742303255e-05,
          1.2018615030310212e-05,
          1.2295076264314901e-05,
          1.2573530469078489e-05,
          1.2853827261461526e-05,
          1.3135810939120597e-05,
          1.3419320580532455e-05,
          1.3704190156387479e-05,
          1.3990248652367366e-05,
          1.4277320203294263e-05,
          1.4565224238610358e-05,
          1.4853775639118344e-05,
          1.5142784904884016e-05,
          1.5432058334172827e-05,
          1.5721398213262743e-05,
          1.60106030169458e-05,
          1.6299467619501038e-05,
          1.6587783515891635e-05,
          1.6875339052909416e-05,
          1.716191966996057e-05,
          1.7447308149157132e-05,
          1.7731284874350292e-05,
          1.8013628098713328e-05,
          1.8294114220454453e-05,
          1.8572518066213075e-05,
          1.8848613181666937e-05,
          1.912217212885251e-05,
          1.939296678967691e-05,
          1.9660768675076696e-05,
          1.9925349239256922e-05,
          2.0186480198423417e-05,
          2.044393385340198e-05,
          2.06974834155205e-05,
          2.094690333511354e-05,
          2.1191969631994553e-05,
          2.143246022722749e-05,
          2.1668155275518568e-05,
          2.189883749753907e-05,
          2.2124292511482535e-05,
          2.2344309163153572e-05,
          2.255867985388174e-05,
          2.27672008655516e-05,
          2.296967268204011e-05,
          2.3165900306354342e-05,
          2.335569357276621e-05,
          2.3538867453246892e-05,
          2.3715242357511436e-05,
          2.3884644425993715e-05,
          2.4046905815083883e-05,
          2.420186497397408e-05,
          2.4349366912473952e-05,
          2.4489263459174946e-05,
          2.4621413509361925e-05,
          2.474568326209176e-05,
          2.486194644588153e-05,
          2.4970084532473625e-05,
          2.506998693817133e-05,
          2.5161551212266232e-05,
          2.524468321210803e-05,
          2.531929726439805e-05,
          2.5385316312319648e-05,
          2.5442672048151817e-05,
          2.5491305031046524e-05,
          2.5531164789685464e-05,
          2.556220990956818e-05,
          2.5584408104720076e-05,
          2.5597736273646613e-05,
          2.5602180539397935e-05,
          2.5597736273646613e-05,
          2.5584408104720076e-05,
          2.556220990956818e-05,
          2.5531164789685464e-05,
          2.5491305031046524e-05,
          2.5442672048151817e-05,
          2.5385316312319648e-05,
          2.531929726439805e-05,
          2.524468321210803e-05,
          2.5161551212266232e-05,
          2.506998693817133e-05,
          2.4970084532473625e-05,
          2.486194644588153e-05,
          2.474568326209176e-05,
          2.4621413509361925e-05,
          2.4489263459174946e-05,
          2.4349366912473952e-05,
          2.420186497397408e-05,
          2.4046905815083883e-05,
          2.3884644425993715e-05,
          2.3715242357511436e-05,
          2.3538867453246892e-05,
          2.335569357276621e-05,
          2.3165900306354342e-05,
          2.296967268204011e-05,
          2.27672008655516e-05,
          2.255867985388174e-05,
          2.2344309163153572e-05,
          2.2124292511482535e-05,
          2.189883749753907e-05,
          2.1668155275518568e-05,
          2.143246022722749e-05,
          2.1191969631994553e-05,
          2.094690333511354e-05,
          2.06974834155205e-05,
          2.044393385340198e-05,
          2.0186480198423417e-05,
          1.9925349239256922e-05,
          1.9660768675076696e-05,
          1.939296678967691e-05,
          1.912217212885251e-05,
          1.8848613181666937e-05,
          1.8572518066213075e-05,
          1.8294114220454453e-05,
          1.8013628098713328e-05,
          1.7731284874350292e-05,
          1.7447308149157132e-05,
          1.716191966996057e-05,
          1.6875339052909416e-05,
          1.6587783515891635e-05,
          1.6299467619501038e-05,
          1.60106030169458e-05,
          1.5721398213262743e-05,
          1.5432058334172827e-05,
          1.5142784904884016e-05,
          1.4853775639118344e-05,
          1.4565224238610358e-05,
          1.4277320203294263e-05,
          1.3990248652367366e-05,
          1.3704190156387479e-05,
          1.3419320580532455e-05,
          1.3135810939120597e-05,
          1.2853827261461526e-05,
          1.2573530469078489e-05,
          1.2295076264314901e-05,
          1.2018615030310212e-05,
          1.1744291742303255e-05,
          1.147224589019495e-05,
          1.1202611412276594e-05,
          1.0935516640005428e-05,
          1.0671084253685278e-05,
          1.0409431248887166e-05,
          1.0150668913423042e-05,
          9.894902814664792e-06,
          9.642232796981023e-06,
          9.392752989045415e-06,
          9.146551820752934e-06,
          8.90371204946381e-06,
          8.664310795280047e-06,
          8.42841958504528e-06
        ],
        [
          8.658296233457827e-06,
          8.900621138675577e-06,
          9.146551820752934e-06,
          9.39601480202371e-06,
          9.648930859012851e-06,
          9.905214977236544e-06,
          1.0164776314963583e-05,
          1.0427518176255585e-05,
          1.0693337993589431e-05,
          1.0962127320349587e-05,
          1.1233771833461202e-05,
          1.1508151346416984e-05,
          1.1785139832931487e-05,
          1.2064605461436324e-05,
          1.2346410640608313e-05,
          1.2630412076100098e-05,
          1.291646083861933e-05,
          1.3204402443478017e-05,
          1.3494076941708284e-05,
          1.3785319022814533e-05,
          1.4077958129205084e-05,
          1.4371818582318488e-05,
          1.4666719720431429e-05,
          1.4962476048106144e-05,
          1.5258897397205823e-05,
          1.555578909937657e-05,
          1.585295216986427e-05,
          1.6150183502504424e-05,
          1.6447276075692147e-05,
          1.6744019169109213e-05,
          1.7040198590954085e-05,
          1.7335596915390688e-05,
          1.762999372990128e-05,
          1.792316589219896e-05,
          1.821488779632583e-05,
          1.8504931647533992e-05,
          1.879306774551817e-05,
          1.9079064775541337e-05,
          1.9362690106967863e-05,
          1.9643710098693013e-05,
          1.992189041093287e-05,
          2.0196996322815097e-05,
          2.0468793055188557e-05,
          2.0737046098048706e-05,
          2.100152154195589e-05,
          2.1261986412805558e-05,
          2.1518209009292512e-05,
          2.176995924239638e-05,
          2.201700897620198e-05,
          2.225913236935675e-05,
          2.2496106216457304e-05,
          2.272771028864949e-05,
          2.295372767272009e-05,
          2.317394510795418e-05,
          2.3388153320030066e-05,
          2.359614735122357e-05,
          2.3797726886195335e-05,
          2.399269657263871e-05,
          2.4180866336071914e-05,
          2.436205168806599e-05,
          2.4536074027210394e-05,
          2.4702760932130005e-05,
          2.4861946445881524e-05,
          2.501347135107338e-05,
          2.515718343507121e-05,
          2.5292937744671e-05,
          2.5420596829643775e-05,
          2.5540030974579184e-05,
          2.565111841848088e-05,
          2.5753745561593283e-05,
          2.5847807158968178e-05,
          2.593320650030937e-05,
          2.6009855575665316e-05,
          2.6077675226572383e-05,
          2.613659528228532e-05,
          2.6186554680766877e-05,
          2.6227501574144426e-05,
          2.6259393418378747e-05,
          2.6282197046927833e-05,
          2.629588872822717e-05,
          2.630045420684708e-05,
          2.629588872822717e-05,
          2.6282197046927833e-05,
          2.6259393418378747e-05,
          2.6227501574144426e-05,
          2.6186554680766877e-05,
          2.613659528228532e-05,
          2.6077675226572383e-05,
          2.6009855575665316e-05,
          2.593320650030937e-05,
          2.5847807158968178e-05,
          2.5753745561593283e-05,
          2.565111841848088e-05,
          2.5540030974579184e-05,
          2.5420596829643775e-05,
          2.5292937744671e-05,
          2.515718343507121e-05,
          2.501347135107338e-05,
          2.4861946445881524e-05,
          2.4702760932130005e-05,
          2.4536074027210394e-05,
          2.436205168806599e-05,
          2.4180866336071914e-05,
          2.399269657263871e-05,
          2.3797726886195335e-05,
          2.359614735122357e-05,
          2.3388153320030066e-05,
          2.317394510795418e-05,
          2.295372767272009e-05,
          2.272771028864949e-05,
          2.2496106216457304e-05,
          2.225913236935675e-05,
          2.201700897620198e-05,
          2.176995924239638e-05,
          2.1518209009292512e-05,
          2.1261986412805558e-05,
          2.100152154195589e-05,
          2.0737046098048706e-05,
          2.0468793055188557e-05,
          2.0196996322815097e-05,
          1.992189041093287e-05,
          1.9643710098693013e-05,
          1.9362690106967863e-05,
          1.9079064775541337e-05,
          1.879306774551817e-05,
          1.8504931647533992e-05,
          1.821488779632583e-05,
          1.792316589219896e-05,
          1.762999372990128e-05,
          1.7335596915390688e-05,
          1.7040198590954085e-05,
          1.6744019169109213e-05,
          1.6447276075692147e-05,
          1.6150183502504424e-05,
          1.585295216986427e-05,
          1.555578909937657e-05,
          1.5258897397205823e-05,
          1.4962476048106144e-05,
          1.4666719720431429e-05,
          1.4371818582318488e-05,
          1.4077958129205084e-05,
          1.3785319022814533e-05,
          1.3494076941708284e-05,
          1.3204402443478017e-05,
          1.291646083861933e-05,
          1.2630412076100098e-05,
          1.2346410640608313e-05,
          1.2064605461436324e-05,
          1.1785139832931487e-05,
          1.1508151346416984e-05,
          1.1233771833461202e-05,
          1.0962127320349587e-05,
          1.0693337993589431e-05,
          1.0427518176255585e-05,
          1.0164776314963583e-05,
          9.905214977236544e-06,
          9.648930859012851e-06,
          9.39601480202371e-06,
          9.146551820752934e-06,
          8.900621138675577e-06,
          8.658296233457827e-06
        ],
        [
          8.89135484285236e-06,
          9.14020249849455e-06,
          9.392752989045415e-06,
          9.648930859012851e-06,
          9.908654752433792e-06,
          1.0171837366457654e-05,
          1.0438385414132254e-05,
          1.070819959671835e-05,
          1.0981174585844303e-05,
          1.1257199015796323e-05,
          1.1536155486222451e-05,
          1.1817920575510067e-05,
          1.2102364865076895e-05,
          1.2389352974794748e-05,
          1.2678743609743152e-05,
          1.297038961846702e-05,
          1.3264138062888354e-05,
          1.3559830299996824e-05,
          1.385730207541815e-05,
          1.4156383628932088e-05,
          1.4456899811984248e-05,
          1.47586702172074e-05,
          1.5061509319938813e-05,
          1.5365226631690414e-05,
          1.5669626865498273e-05,
          1.5974510113047346e-05,
